>NZ_CP006758.1
-71 +53 +38 +92 +20 -69 -104 -113 -44 +43 +107 -75 -1 +62 -95 +51 -1 -65 +77 -121 -28 -86 +81 +70 -1 -47 +80 -89 -116 -67 +52 +1 +93 +49 +91 -4 -117 -122 +42 -32 -94 +1 +73 -87 +88 +102 +8 +23 -35 -21 +46 +84 -10 +33 +13 +24 +111 -17 -128 +61 +58 -82 +50 +63 -34 -100 +112 +6 +72 -25 +40 +108 -29 -110 +98 +130 -39 -30 +83 +105 -26 +41 +45 +11 +54 +19 +90 -22 -55 +15 -127 +101 +85 -27 -131 +129 +103 -123 -115 -120 -16 -18 +36 -5 -9 -2 +78 -14 +57 +106 +114 -1 -31 +59 +66 +7 +64 +68 -12 -2 +76 -132 +97 -109 -37 -60 -118 +119 -48 -99 -1 +96 -79 +56 -74 $
>NZ_CP006794.1
-6 -112 +100 +34 -63 +106 -24 -13 -33 +10 -84 -46 +21 +35 -23 -8 -102 -88 +87 -73 -1 +96 -126 -56 +79 -113 -42 +122 +117 +4 -91 -49 -93 -1 -65 +77 -75 -1 +62 -95 +51 -1 +94 +32 -28 -86 +81 -37 -60 -118 +119 -48 -99 -1 -47 +80 -89 -67 +52 -121 +116 -44 +43 +107 +1 -70 +104 +69 -20 +53 +38 +92 +71 +74 +109 -97 +125 -124 -76 +2 -3 +12 -68 -64 -7 -66 -59 +31 +1 -114 +111 -17 +61 +58 -82 +50 -57 +14 -78 +2 +9 +5 -36 +18 +16 +120 +115 +123 -103 +27 -85 -101 +127 -15 +55 +22 +54 +19 +90 -11 -45 -41 +26 -105 -83 +30 +39 -130 -98 +110 +29 -108 -40 +25 -72 $
>CP045640.1
-89 -32 -94 +1 -51 +95 -62 +1 +75 -77 +65 +1 +93 +49 +91 -4 -117 -122 +42 +124 -125 -76 +2 -3 +12 -68 -64 -7 -66 -59 +31 +1 -114 +111 -17 -128 +133 +61 +58 -82 +50 -57 +14 -78 +2 +9 +5 -36 +18 +16 +120 +115 +123 -103 +108 -29 -110 +98 -85 -101 +127 -15 +55 +22 -90 -19 -54 -11 -45 -41 +26 -105 -83 +30 +39 -27 -131 +129 -40 +25 -72 -6 -112 +100 +34 -63 +106 -24 -13 -33 +10 -84 -46 +21 +35 -23 -8 -102 -88 +87 -73 -1 +96 -126 -56 +79 -113 +97 -109 -74 -71 +53 +38 +92 +20 -69 -104 +70 -1 -37 -60 -118 +119 -44 +43 +107 -121 +116 -28 -86 +81 -52 +67 -48 -99 -1 -47 +80 $
>NC_014029.1
+47 +1 -70 -81 +86 +28 -67 +52 +93 +49 +91 -4 -117 +104 +69 -20 -92 -38 -53 +71 +74 +109 -97 +132 +124 -125 -76 +2 +12 -68 -64 -7 -66 -59 +31 +1 -114 +111 -17 -128 +133 +61 +58 -82 +50 -57 +14 -78 +2 +9 +5 -36 +18 +41 +45 +11 +54 +19 +90 -22 -55 +15 -127 +101 +85 -27 +103 -123 -115 -120 -16 +26 -105 -83 +30 +39 -130 -98 -107 -43 +44 +110 +33 +13 +24 -106 +63 -34 -100 +112 +84 -10 +29 -108 -40 +25 -72 -6 -46 +21 +35 -23 -8 -102 -88 +87 -73 -1 +96 -126 -56 +79 -113 -119 +118 +60 +37 -122 +42 -48 -99 -1 -65 +77 -75 -1 +62 -95 +51 -1 +94 +32 +116 +89 -80 $
>NZ_CP033690.1
+87 -73 -1 +96 -126 -56 +79 -113 +97 -109 -74 -71 +53 +38 +92 +20 -69 -104 +70 -1 -37 -60 -118 +119 -44 +43 +107 -121 +116 +89 -80 +47 +1 +99 +48 -67 +52 -81 +86 +28 -32 -94 +1 -51 +95 -62 +1 +75 -77 +65 +1 -124 -42 +122 +117 +4 -91 -49 -93 -125 -76 +2 -3 +12 -68 -64 -7 -66 -59 +31 +1 -114 +111 -17 -128 +133 +61 +58 -82 +50 -57 +14 -78 +2 +9 +5 -36 +18 +16 +120 +115 +123 -103 -129 +131 +27 -85 -101 +127 -55 +15 +22 -90 -19 -54 -11 -45 -41 +26 -105 -83 +30 +39 -130 -98 +112 +6 +72 -25 +40 +108 -29 -110 +100 +34 -63 +106 -24 -13 -33 +10 -84 -46 +21 +35 -23 -8 -102 -88 $
>NZ_CP033699.1
-117 +104 +69 -107 -43 +44 -37 -60 -118 -77 +65 +1 -38 -53 +71 +74 +1 +99 +48 -42 +122 -32 -94 +1 -51 +95 +86 +28 -76 +2 -3 +12 -68 -64 -7 -66 -59 +31 +1 -114 +111 -82 +50 -57 +14 -78 +2 +9 +5 -36 +18 +61 +58 -17 -128 +133 +16 +120 +115 +123 -103 -129 +131 +27 -85 -101 -15 +55 +22 -90 -19 -54 -11 -45 -41 +26 -105 -83 +30 +39 -130 -98 +110 +29 -108 -40 +25 -72 -6 -112 +100 +34 -63 -106 -24 -13 -33 +10 -84 -46 +21 +35 -23 -8 -102 -88 +87 -73 -1 +96 +56 +126 +79 -113 -116 -132 +97 -109 -52 +67 +124 -125 -119 -75 -1 +62 +81 +70 -1 -47 +80 -89 +121 +92 +20 +93 +49 +91 -4 $
>NZ_CP009906.1
-101 -15 +55 +22 -90 -19 -54 -11 -45 -41 +26 -105 -83 +30 +39 -130 -98 +110 +29 -108 -40 +25 -72 -6 -112 +100 +34 -63 -106 -24 -13 -33 +10 -84 -46 +21 +35 -23 -8 -102 -88 +87 -73 -1 +96 +56 +126 +79 -113 -116 -132 +97 -109 -52 +67 +124 -125 -119 -75 -1 +62 +81 +70 -1 -47 +80 -89 +121 +92 +20 +93 +49 +91 -4 -117 +104 +69 -107 -43 +44 -37 -60 -118 -77 +65 +1 -38 -53 +71 +74 +1 +99 +48 -42 +122 -32 -94 +1 -51 +95 +86 +28 -76 +2 -3 +12 -68 -64 -7 -66 -59 +31 +1 -114 +111 -82 +50 -57 +14 -78 +2 +9 +5 -36 +18 +61 +58 -17 -128 +133 +16 +120 +115 +123 -103 -129 +131 +27 -85 $
>NZ_CP009935.1
-88 +87 -68 -7 -8 -75 -1 -31 -73 -1 +96 +39 +105 -106 +63 -95 +67 +116 -28 -64 +32 -48 -93 +42 +113 -43 +44 +107 -121 +89 -80 +47 +1 -70 -81 +86 -94 +1 -12 -2 +76 -132 +97 -24 +13 +29 +34 +65 +1 -51 +52 +99 +49 +117 +4 +38 +92 +20 -69 -56 +79 -109 -37 -60 +104 +46 +84 +91 -61 +111 -17 +58 -82 -16 -18 -98 +110 -33 +10 -62 +1 -108 -57 +50 +115 -103 -129 +90 +127 -15 +11 -54 +19 -22 -55 +45 +101 +85 -27 -131 -41 +26 +114 +25 -77 -30 -83 +40 -21 -74 -71 +53 -78 +2 +9 +35 -36 -100 +112 +6 +72 +23 -5 +14 +59 +66 -102 $
>NC_003143.1
+47 +1 -70 -81 +86 +28 -67 +52 +93 +49 +91 -4 -117 +104 +69 -20 -92 -38 -53 +71 +74 +109 -97 +132 +125 +66 +7 +64 +68 -12 +3 -2 +76 +124 -59 +31 +1 -114 +111 -17 -128 +61 +58 -82 +50 -57 +14 -78 +2 +9 +5 -36 +18 -39 -30 +83 +105 -26 +16 +120 +115 +123 -103 -129 +131 +27 -85 -101 +127 -15 +55 +22 -90 -19 -54 -11 -45 -41 -98 +110 +33 +13 +24 -106 +108 -29 +10 -84 -112 +100 +34 -63 -40 +25 -72 -6 -46 +21 +35 -23 -8 -102 -88 +87 -73 -1 +96 -126 -56 +79 -113 -42 +122 -37 -119 +118 +60 -48 -99 -1 -65 +77 -75 -1 +62 -95 +51 -1 +94 +32 -44 +43 +107 -121 +116 +89 -80 $
>NZ_CP045149.1
-89 -116 -32 -94 +1 -51 +95 -62 +1 +75 -77 +65 +1 +93 +49 +91 -4 -117 -122 +42 +113 -79 +56 +126 -96 +1 +73 -87 +88 +102 +8 +23 -35 -21 +46 +84 -10 +33 +13 +24 -106 +63 -34 -100 +112 +6 +72 -25 +40 +108 -29 -110 +98 +130 -39 -30 +83 +105 -26 +41 +45 +11 +54 +19 +90 -22 -55 +15 -127 +101 +85 -27 +103 -123 -115 -120 -16 -18 +36 -5 -9 -2 +78 -14 +57 -50 +82 -58 -61 -133 +128 +17 -111 +114 -1 -31 +59 +66 +7 +64 +109 -97 +132 +124 -125 -76 +2 -3 +12 -68 -74 -71 +53 +38 +92 +20 -69 -104 -37 -60 -118 +119 -44 +43 +107 -121 -48 -99 -1 -52 +67 -28 -86 +81 +70 -1 -47 +80 $
